image_width: 1280
image_height: 720
camera_name: camera
camera_matrix:
  rows: 3
  cols: 3
  data: [578.579084625938, 0, 679.1573216382707, 0, 579.3575953496057, 323.1467217747702, 0, 0, 1]
distortion_model: plumb_bob
distortion_coefficients:
  rows: 1
  cols: 5
  data: [0.02369159587629532, -0.03379523576791288, -0.0008540263495392073, -0.0009351445634646643, 0]
rectification_matrix:
  rows: 3
  cols: 3
  data: [1, 0, 0, 0, 1, 0, 0, 0, 1]
projection_matrix:
  rows: 3
  cols: 4
  data: [562.1964111328125, 0, 684.7543880729936, 0, 0, 581.6155395507812, 322.4044756466428, 0, 0, 0, 1, 0]
